123637748815424 15
120862169307035 64
15782694967962922116 26
18300835806187517585 20
13233103121295740 42
5526805 4
366429616623236146 33
4896898945317681096 54
22302 20
15840129744351977440 55
136188 35
13443181199439287168 19
1642132620994 45
73631428471354590 29
601758489177 30
17043208829042490275 58
14402559018043864790 55
561959584746892779 32
307993525732671646 63
34621684839 62
24526046756154232 7
7415531539002437318 24
1922396135342890806 57
12721020534059109727 2
12990488522342907663 63
2887571916880312057 3
30150213412980 29
1429817190902517851 25
34807861631646 5
7303204003467745641 45
1713359921661753844 64
1201367880636230152 11
16231854543212 13
14262970812800573091 18
175179896898565 12
1408622127617225966 33
4745954053776546 38
60543890667702 53
17032192862724628391 23
12508758268667087272 33
168541126020 14
3650186781015997463 13
7598071418994 13
1145400406605669320 56
7172086695458045532 5
5616526925619171379 28
968119638 33
6883000822427732656 51
6992011275079492913 35
113537128218 5
16364180641504900330 33
1031778824048 6
17461983144743762353 27
747475285486634498 62
5241900729341307059 20
640661622945888131 60
9887047106960390193 24
3443328669991552733 3
1012312761296 33
3669985464022189967 20
17941550722149352784 38
226172364031472068 18
8162142432902338595 29
1134626670540710568 44
1267166195693434372 24
128830000 24
14047487642100695336 33
18200642426495079577 55
8327242466928342465 30
14675447821914484397 33
461934 32
44319271374958952 64
14058247744383461160 25
53496857811738408 7
1037278246178115473 10
10801062305237989057 23
6871954724 57
5827231974327333521 18
13374755907672227905 2
9127832172274296 51
7319565564068630833 43
7265456906173521254 49
597413936105171985 59
2587684518557847685 28
171501305848691335 54
111802270507769148 56
4337558085603582050 32
4057633369440174916 17
6323184727710841478 16
388841684072180188 60
16391790285462929207 63
28497736575 62
6525523167717835514 44
6305507731934604638 21
16763592829359867186 49
11843607896004557387 22
4488709576 51
10391060468411670262 4
3941116762691986728 36
127953 26
-1 -1
