7461963631206279430 48
1293757170650 34
13945014458479434381 2
1940836210496311136 57
2851882875901887340 33
4469977749657988487 47
3545102269115731714 16
8592123754441539526 44
5374838468795909860 52
539593200173328950 64
6098020174838481328 38
1587349046332252937 53
2098324657150057976 52
3095903567210713871 62
13105818512895411573 22
249485236 3
14232314351606922445 34
11424300925144 7
6960401247596581834 44
3873144613051207984 25
6182829214812919632 52
153 16
2629155042011517732 35
1118035765079685523 6
14647745667194534651 41
3454352681679398315 50
2571407272909518984 60
2989036915063552390 43
259 6
1684073794710248457 21
17694418809548055578 52
16221140170191261982 16
17123240771870723200 16
3555984 45
325075966957750686 29
613019664996 11
8580407926810376867 63
8175745418335534407 53
17539985098683961677 14
10366193513926957705 26
17664443072178710986 48
16462816259052195468 3
12873884008075445277 28
660717974429911177 15
15866241816674575015 64
95018156800450604 27
16405431270719558745 38
9876205677079557032 13
9063037708457946653 58
433507845704649973 12
16032973656691877191 7
2212749360947303779 26
2196655538925631528 57
980 34
9184416356095941843 34
11296794808491966448 3
12913985422465571635 37
31563 20
9553698411561910232 59
2045461620413458521 23
3648 63
923076 35
9506974821967620 46
7548039490 45
141979773586671090 53
5448101702366765943 49
15608743154120454244 24
1013102868867564038 55
13503120055969875151 60
5614560632915375781 3
200773646912460137 32
2647250070014127930 40
11283007161014715208 55
5 4
6526129689391811929 59
133089652086054672 43
17214213840275637743 62
5257884276970454788 22
124370415 12
8305923814201045181 16
34833 2
4818017143652148699 40
2062212217064780997 31
1182366847088160568 36
8554194884132643218 44
14264928494 57
11422993884366083073 51
3067205476279362 37
7903843690553784119 40
15342339734525755893 2
16970222291036576213 39
9525467879847911404 43
717555806961216620 12
4350617102726834895 22
11359304971697442627 7
5324830803408040506 16
1253 6
3481656729206826085 55
13012459846375675181 40
1507759285538048363 29
3832162741596972314 2
9135559006324024823 49
6762822369473498329 61
4913 16
13672093933495911636 35
576 47
4308816805027595374 48
1394520818875691820 33
7696709558866296613 56
13541542946498948217 7
3151403201218220469 26
2577449644 43
1581607856418390117 15
1163508441636470914 12
384944794 12
2596156756406533874 17
4405887137988067369 56
4599320 7
10709473248178881128 56
6747196139172776 55
5076101677392197050 46
17815842758228602838 49
11839753630601926283 25
15540423853097386356 6
361988550043152 11
7004865106156225 22
610068722008569435 14
15177765247839354978 43
18038929692678086938 35
9912251787089610676 5
8998961326023028464 15
17454998759433205410 2
35328459611725 24
9626589094145622565 38
18240407431631540295 49
9432764866474484279 30
5309918634583064460 36
1069343808948923653 63
11154405902031374 45
1476645783058868260 35
1738016692404996778 46
905524034227975967 10
5283652005135436870 53
984228393550932 35
1192872587200294351 46
7693844772549432332 62
2556199413410381837 35
12312065992962117807 14
8722446990664442693 51
1389898694060378 33
17760113513430991715 62
2428066238870423939 24
7467904985582502226 23
4570705 4
13615040786427028999 9
312829298523133119 62
799307840 31
5329628206517782518 38
106849801928112 15
15088329723229776 51
428037248873405995 60
8389517153651494945 44
5239776 15
6032286738381368068 34
5594622879569715500 53
22688214255129 50
2227585648554570604 31
7309028881776888676 44
3970658266880424243 52
410186679243 32
11338548033531020987 7
5994081359793892730 11
756523463857666052 62
3581148972 5
242424808 3
5953445 4
994218436275184962 61
3603928446371325477 38
13885135051425351515 62
15955673912500074477 61
15217860810265439052 9
14640667680952605110 51
15876942824113408524 41
13541590882014894412 28
40 3
4226569 46
1750168747406411087 54
13721848068116799143 27
28051562089603904 15
18071780774951825256 16
8100349232436468818 19
65500600875 14
9031300531559684787 23
14521469309358 21
173090 9
10300203337252824424 30
3661677164323925527 33
15939052117909836587 48
560814873195476680 39
845843412916130687 45
15949539050065304521 40
2876944062830994247 20
1991515759011421274 7
1132408749573955812 17
1264097288765710319 46
41034398400 59
282247724 3
1225683916395 36
9053939196368509459 51
2182021550495060463 41
795876123650788480 63
147889851321303 62
3447867756158220259 39
18635246392 55
12775789097546541657 11
18342290603246520106 24
5633106670244375894 58
568 7
17772771730324566178 62
9609800994569651274 49
273118511083689796 13
5783702557763197849 28
2203279412632980325 34
497186788718646400 63
204985 54
13367714880101397401 3
3987124522142746 61
17238659025296083081 25
1659294 41
581651807746141401 40
8575326894393767749 62
15 2
2527262079346492255 9
12455806347227607695 20
14450779843855891474 4
47348 18
327135511518421006 33
17766020282302592733 27
5954167005825717394 21
8437482053320317831 22
16923705939637294103 44
2930267977186601898 29
3514468381354915534 42
2196100 49
242568903670932313 30
4958973004900285934 53
14688431989981911 62
11956336462525015647 21
12982169332899740533 47
205920533 12
153 2
5802364503385425445 22
194958974590655121 18
482111864581578274 20
17234577 18
6971108297516135326 9
636770179085443296 42
8128757440872476582 7
33183048790 9
12474270862031670875 28
521056523543 30
1371019676075573261 47
2849323874445785971 52
9 2
14064 5
926919739382223759 49
1187142184869771504 26
1683960388561410046 49
7621142409316173014 54
1851200077972562096 7
1456321381015024368 21
1402449 16
14287 6
513962295397768256 48
3444148076759118791 4
10836484582837334719 34
13514372561364742019 42
18412808664388460419 3
190 18
11095897302956714365 40
53542457308709867 16
13007943891241282068 26
1899469956891139479 24
946595623041601770 3
10653947012458222302 38
8581910302753033534 9
602453827677491915 41
509133883388331905 10
1917202841780239764 43
6182123283203897479 20
761830215599022291 28
913178 37
15828247931734187665 37
3790525428 5
563860066725031638 23
706784540287104217 50
15226984421414266902 43
585 38
7558842872822685270 27
36209111257055 52
224377930018715648 63
17248699149487645009 21
11644669860743659881 63
7853940771422845008 38
8201058627199309110 27
4566341076807536914 37
415159668022979643 45
3124080124687380977 63
9545405562104872776 19
10132570215751102729 12
7042614374589387450 53
665504 55
7950395777127296440 18
2074250720734172125 46
7876319300516643981 24
6837273801027109331 29
10641493354467950658 7
13279681850725372704 36
11244577217180810566 21
10863279645516859267 54
16389199076361850 24
12601798885058788315 59
11044765824958606664 40
4 3
11529050262097252544 21
225493989087697162 60
5819870754007558044 41
225225485140145200 19
82033120371445419 49
1752218816247273168 35
18112686610921699304 46
5556365977936347686 37
13490301817310451243 6
9736625285282917472 2
1568 55
14102820386450086550 3
297236894691119319 31
1376 7
31219179209652465 50
232400 27
645789189896094124 54
16317323775641379153 42
11535696488056522880 45
232328314779622320 55
182249527 30
41381172 20
11563307041616627968 5
27782359627692807 44
1389166672054366835 32
14856093005 64
8860524405360241723 26
11263166049940660326 23
633152 63
3165419671723041191 37
14659581597277398390 50
4501692180083336725 13
16957713084250490114 41
4520168 3
15757783013469939844 5
304998189843751323 59
11332039968629880415 42
16488501585195580499 46
14271993473309564606 31
6965801442052096443 48
10848294393557824768 42
4972141492820386739 22
11347679145112351150 4
600936540664264242 44
92065899162 28
10936940417131792078 56
17532025483848296861 45
17284201438645137426 42
8566353338573582865 57
2296128 15
75909580743584 55
11388950777713367288 53
4287457774303527148 38
135201 2
141250 24
8093272113726032177 36
45394749518127228 25
5919492221014442550 24
1735788334493130286 47
384336152643498 32
380270582267592074 59
11901148020671174362 32
2428923602313890749 51
4897686095675622719 50
420286438018798340 33
14121146802586478155 13
663011172 35
70920488630343 30
549444772309115465 60
44019096167162736 47
10627951502318195443 23
3339 2
6172346835833154104 17
1487928 56
1612 61
241078753500697991 9
4665532273766817186 20
86379548304390468 59
1153834845150 49
4305658054375821277 31
9639116163951961885 10
3794432809867383322 16
40577504 10
16529493573217071240 14
13893808253690424 23
4131992852160 39
5566978741720 43
1396654 6
17858700985553980734 6
2451197778389206673 62
905264906286905248 25
3689899104890558273 41
8338200338244463155 50
14427121939960487799 10
402074555988336962 16
83260451736 13
13067585051860796957 37
104 12
12268102884603141584 34
6798680948270 9
218731195530860 16
16659919705121421817 58
13828703828132376582 57
17355086672372553456 30
6085669423345431231 52
1937788567153853901 15
12979348349424093874 34
6150351721415751820 39
1654493932513094232 18
78163909910320 25
11831415071804600825 11
548979439174294751 60
16848260206148145778 8
16 7
26281565597420 48
7571539332 62
191174027484510 29
6709880755499534319 39
1360111785581234206 60
16553754454364286864 58
21267595392834 13
7207050182787088417 14
9927291590449820394 17
1421 48
683650367618009641 32
969 50
12146882539026186579 27
9535632 15
4392977213439 8
6411320076592709928 23
61830 29
7572349926284497734 60
4240750629176295031 12
2543952487852193312 51
9593040030965093949 52
13545842944798146964 17
10858587998091438446 31
504 27
735767940 36
7887938572515393779 47
7846643333466487 10
11428536785478130165 41
740318354404460586 56
717 2
4335892376067214956 5
7331365767674448686 53
2602098228679870540 60
1033691719469928156 32
201365812213664448 31
13448778469923321310 10
4972870154227899962 42
10360712924206621848 55
8527894491554948227 17
12358172681076040845 23
24402320172334028 41
15994132108604654105 12
16580408255264948087 12
10827669502648429320 41
1734507572313561295 46
13322919178205345549 47
3010922243129166982 56
556535806815079089 4
3951419388764393381 27
3395743064259 38
3921341328923474759 53
2854090130845528958 50
3879234401337088978 23
18095797795623474938 64
12835775134236100993 37
812702410561826522 20
4070530742011526937 17
42938492378848284 41
7362 17
513012121809480366 61
2868172216578295261 42
765805643839589 22
41477172345 62
5477320319064 21
1431862065176089912 48
439590594453827324 57
126624261627824 15
13344720747752246786 55
6943320379893450930 31
2121015759692320 19
15995100291037821801 62
7101179804109208017 63
1097607095684069965 33
462560 27
10813931903197671604 57
11251034083912 55
10921064275524424052 57
354309970895482332 64
9238611943188873969 37
675374 37
9947163450 49
14658192064310512 15
1705285814243654182 58
2000645287272964460 21
4952761496690177976 43
15097341625915232084 2
9029404103205979468 49
18101711331144535910 44
7836290861870229 40
6198328753134227969 7
1152 35
665710055233266425 61
1556772398500803583 19
13646375115545309091 20
6714268597231516587 13
2828213286171507467 4
2484 53
7371460845253518865 57
194686689711583300 41
14616893286334817903 20
12115668013996291026 35
16723538749245910180 28
9554445406650047684 41
16557029316250488268 24
7070564075266496955 64
9311083184 51
5416130072309283035 35
1169 6
5517538480192448754 49
1164427248912455239 46
16508595773244765450 63
3612589083977599825 63
15 2
3850024256972328300 12
611239810234099406 34
1136007643056239964 44
12977743986032718977 10
1597593212918881093 53
3847033565108569638 19
11980692222218449780 40
8142 5
287 40
2264852331800641660 48
17212008983571211228 41
16792521433367721535 17
11208611534555292839 64
6160336 51
6668212159887514844 60
16339024822262727217 58
105266262127869970 42
1521989345085169511 53
3583977262881989888 40
697693138898117552 40
6975263351381786 40
8885320705694605693 58
10014412901013570992 51
10189874612888763756 42
18373385754862161777 43
3367384045879337909 12
19224549599363904 11
16460380590368517456 18
9915539392619044222 39
25893045584232197 59
161147059801600 63
8581226133905903093 50
16973323834596781548 59
1412127460478737804 35
984 40
484670467888889650 59
15286006818959995881 57
18046842340280368334 64
14912221821787955206 49
9837759980028265669 27
6262455045571876112 62
126 13
14166804867656233568 2
14055652939513881943 24
79337748327370 25
288962648 12
3308406547832712055 22
3578604718363470681 49
3222839721461148158 31
7143205635072917296 30
310238796 27
42662503373 22
8347920090241418740 12
16450229846980186943 48
4397658165 46
433817419801783035 32
958480 39
16233360267825686288 35
4147377969648135 14
2808115530182057736 28
338098194848 15
10583854071537680365 20
1508299920141911847 45
9552126721485369697 28
5535212054701159794 2
17132105585222875860 44
2551924943575408057 11
343660568895823324 54
4117843295 4
9310991761512554430 16
11523799424 63
9728375330332863441 26
11270232686269553340 50
4163052665631972496 52
5361685718529069456 50
15727160166305601854 31
145099190535585951 43
15345619593836741069 36
56 3
2211453725740893030 59
361340466972930 29
14042103080248933609 37
6155596526380698369 18
2312506790994442270 56
38 18
13586099008421540112 37
4990004396041360063 53
175950 29
8157409862779635993 26
7988486283893948613 39
6466559233868327317 20
14112109235202838211 60
13194215228502630015 57
11966204424332814010 57
14579770845966594928 29
12025503 20
10538905585295310481 41
6657587176598650921 23
15097864191629027687 36
26180 13
6603946681092029401 18
1576476496658413585 24
70922468342930022 17
15677600105443491913 22
1581755 6
3890532398416602 37
456650954666344272 64
578621887274285716 36
308583156 27
8140717291840951032 62
5802190783529701680 57
11408046848949212123 41
10704652129284071790 46
1120 39
4536823874 21
3773379693836953557 46
1856298866430637351 34
7970805386219922827 43
10942028162925834336 42
7433553347 10
7365913061489062099 32
8258374113762545431 47
11862349269386371424 31
6705495214673628061 20
15747370875133970360 56
1712 7
4195105135235 22
8227708899202852487 49
1413189762431744574 26
6322906856628352082 20
5882527000475671305 3
3980468552114473444 22
16802350629430038434 4
2133334140 40
11329814377106504860 35
6230412828573846141 58
15577808679758017700 16
1272258247931617115 39
4031986 13
9931976511419219309 54
17098917849298473299 13
30 9
1380518787074032730 51
160956 8
1697699154746281250 37
494242660 9
335988040722948 11
18244968825033748978 51
749388281044335486 26
4189451011861611518 14
29770960 19
13083946667980420756 60
89407540707357730 54
11580781699353425513 30
17517991510559490269 56
10866128335301963639 55
2800 3
46110 4
4639590495996378420 2
2711579962298608680 23
404243723882996380 61
8577891594451105144 40
5689827378636516825 28
17346948466456670191 23
923091500 33
13931987747908962696 18
17995028630788298889 59
2166757550051455722 49
10332326376312098736 52
3619472395525868 13
1597051660 9
12553448326527364433 27
9685267702056650789 8
112035 32
3048724359 50
249258992529268016 47
10441093671115987996 60
172713424 12
797355 12
15149773516698408806 56
10085214220574420004 57
11507085689998562627 34
40128 18
21033012 10
7388185093439685343 17
579107830256130676 36
24571708440 59
5593792 63
8182464252200556488 34
9133944128875655305 59
7217123457509762784 49
27650 13
14302589946923745790 50
10535327027642499199 39
8560811427153354015 60
15125849497427391879 52
12843517834407593023 36
450428 3
7987115758028 43
14543742918905609302 57
4213457918530086217 14
16879539895162631889 36
13308 11
407523121335258720 58
842908436232065292 20
5253794557153023280 61
2348807751946449303 56
13504682536240146502 11
1634355 44
5483657749124222696 37
7684371392291528232 29
1474916260807358943 38
10850450804382533605 25
778973245373088785 34
5328532400072655726 5
113886 26
193593299 28
18494 13
65711684176 15
45 2
127798 21
14928438719279986868 17
821053710226551720 52
322586773088677572 45
5147822540173976145 24
3412632685 48
410932820067309519 45
9614945148435522287 40
23678318916 11
15678373631971026836 49
17487379709233570238 5
10419173170212538991 19
17014956735236979819 31
28920 14
8359434 5
5023147967498902003 42
1554364773439002694 13
11515945544503333427 17
11837639195053468923 63
412203267 8
10280098916223583756 12
4449562956694476916 36
7963372589471834016 54
1798535771565125040 41
9483073244840945033 57
1417505327357714677 16
8899807796427890170 40
23710674954403 22
3792768701583384294 57
174165 2
6658013530505833326 42
2671456854839448730 35
6162437650081291106 4
4190584616905076765 46
50585710229640 14
16714893264629183100 38
8610515856866241733 32
314692944064095 36
16066763431561101911 20
15568016687958367195 58
2797411585619023557 29
18381864022734192560 37
2223790179788144552 36
10292710876173307292 50
6629121580 46
2730950112840658215 3
120375949186584 62
19107103662 53
10248 11
9864230174936919895 59
2167452972 53
1263071368 3
9115620960 23
12974159930348379245 5
10080675062944708907 29
425890411114098524 10
841772424672 31
1517376321497125994 47
1458 8
5244613497509986279 16
2381676971102895317 49
9897827790059591200 29
2854370441832142658 48
9157695642686227252 48
3794639764081410674 50
2135093143227131772 7
2028430733165553518 28
3367883448150191515 55
117888630 29
14335586734186829871 23
4843880694612967415 41
13729977187476383339 16
22367855664 55
18267149687067343663 34
2278962 53
8633031337549034743 9
6062775879692634477 47
4101844398190010035 37
5500606052755878992 37
15395246703778500337 59
11247304105731312113 49
225390698 25
5179576507817396764 41
4827086752637398680 39
5679333673452894168 29
8299281239973251399 54
185642199 26
7534340230 45
1612 51
9417510005734401310 13
3284434774764 38
5421369336578258678 42
5037511167035795614 47
15354704528860321260 35
3906168367263286673 32
596877322299250682 64
341185 12
5216522755875238537 35
8138611367230449127 28
8162304814234032250 18
1158143898 56
9788893622917019194 14
11100431401097776429 25
178746 30
348632720584017746 7
13241712649872 47
9533079633029025943 39
9849185474362111592 55
4990432964356123876 28
1303668679298984 37
10228653573000 14
15032025642047465388 26
64808352 23
6533360504334074730 52
15343307041620124911 29
6516698582666131232 29
6003649518935255567 24
145959852916253960 9
7369169994008705704 57
6308750105206016172 42
100027033327733807 52
7965992400 46
4397535785849512204 64
3395142445407345388 24
255 2
16597232542588018129 2
170605125 24
10412517603482997964 28
6936580891109856103 2
34842898339540464 11
298954530 13
34053033110223136 7
1570866914720733904 47
18394340442529884 45
12099775544923331563 35
29279389854 25
6094165068 11
1037217211588792130 28
370915450428131497 58
30107703073590 28
3089390286991419547 3
14475515704471086312 22
6448669 52
10752506060555082610 7
58904776733311119 12
1200046750434541407 35
18078427151530911958 13
12414333227744386140 44
4820034018663962551 32
15897615317377576807 14
9413590190450718300 61
23142170974818 13
1137302760 37
1450979112416202219 47
10307175753245388717 41
11302231802051553440 47
7596977010996116036 24
37970473476133250 64
10615555584118719036 42
460 45
295655121503745811 63
713722262348004053 64
835837871032042815 33
24 5
9298987135489606365 27
114 37
277180702001169749 58
12962908 16
1027253804109340 9
16681288675828918172 38
16941383510281763202 43
7828980780417362388 31
560027459818 33
14534745354500351998 31
14724975233443712112 4
11933705410037148811 35
8183620334725441559 61
9788508826383071138 19
17740723584283430360 20
12045417627430296636 12
6646352418 17
14943492372225796815 58
697 40
17323564363 6
13761018371239230 25
12698956539594974850 38
863259707248169642 50
17754232602450554337 22
15187013098740526389 50
12955629369337706935 28
2284697780178036268 48
2605609659905211283 41
8891823548062140490 23
22708 13
16379944280485957960 36
3637170 44
13195080134730177886 28
10022564631368 7
209908 3
1243736973831380908 14
12405669132358133916 37
56345457 20
7411349742227531894 56
313150670424579586 44
79493656049671437 62
3456908053976110099 45
7941589899095350586 10
7367542278333572834 18
122382 25
7416362325080156699 13
5184989452893851847 28
10738558372983424520 54
4988114694323105650 57
13228364353613726753 38
14739971270864484382 11
433765506894878311 46
4615328016 47
241306988053300584 45
602170923640 7
18005964647884271515 34
13893518360108569051 42
14774146395600935495 15
1309202162532 17
425635077770536524 10
17917423621429790362 55
3033526939580641847 48
1990542745483516966 55
14783851730154466040 55
416 51
-1 -1
