6334 36
5723 98
-1 0
5705 17
6826 114
2995 108
5436 92
-1 2
292 26
8715 14
5447 56
-1 1
-1 9
6297 68
8701 39
-1 2
-1 9
7711 38
5545 85
2754 23
-1 4
7527 14
3035 29
288 51
8942 81
7444 121
-1 10
-1 10
1098 31
-1 20
-1 2
-1 4
-1 17
3930 81
2436 49
5537 60
2082 119
-1 16
-1 15
2702 91
-1 15
2384 58
6922 74
5829 127
5097 86
-1 16
-1 11
-1 5
5573 104
7348 21
1722 46
1104 103
1336 88
7751 128
-1 5
9758 82
6422 29
3029 115
-1 35
-1 26
-1 17
7622 88
6483 45
3602 74
833 52
4596 13
-1 24
-1 0
4734 90
6416 80
3788 117
3728 84
2481 73
4309 118
9514 30
8934 65
-1 8
1553 8
6224 96
2606 85
3195 63
4342 22
9312 52
5198 25
-1 10
-1 31
9588 50
7155 106
-1 15
6038 5
9655 15
9814 48
1510 85
4270 75
-1 0
4886 123
9867 18
-1 44
-1 53
-1 54
-1 25
8474 102
5075 70
2510 41
-1 31
3400 97
-1 63
584 11
7086 46
3755 74
4169 85
-1 33
1326 9
1423 21
6548 107
142 41
-1 38
-1 59
-1 39
2528 48
9865 30
3193 66
-1 81
4486 106
5732 40
-1 56
5786 64
4353 90
-1 43
-1 20
4313 82
-1 73
7980 95
3194 49
2161 90
-1 66
2043 99
6437 53
-1 29
-1 29
3185 42
-1 56
4017 121
7957 50
3625 91
9314 63
-1 32
157 53
7487 39
8177 95
1763 15
3984 41
-1 34
4802 76
2625 64
1022 5
4180 6
7504 41
3030 70
7221 15
7900 9
2411 41
9168 63
9710 114
4667 81
140 7
1622 8
6574 78
6300 3
4678 67
-1 91
8462 123
2800 113
-1 72
-1 104
313 43
-1 92
7164 103
-1 70
3487 126
-1 99
-1 2
5421 57
4961 119
-1 85
194 78
8260 113
5030 53
768 84
-1 2
-1 36
-1 121
4940 4
3828 103
-1 24
8365 43
1200 86
-1 94
9356 89
5108 78
9800 40
2426 125
-1 1
1108 13
-1 95
9348 57
554 22
9357 91
-1 58
-1 105
2895 50
111 50
-1 136
4421 106
-1 139
8932 32
-1 14
3584 67
6971 127
2530 34
2483 48
66 116
-1 115
2140 48
-1 85
1457 80
7869 22
-1 4
3848 40
2699 8
1637 63
1993 53
-1 106
5880 53
-1 13
-1 15
-1 22
874 92
-1 156
-1 89
-1 115
875 98
610 19
-1 99
3168 104
6486 73
9496 19
-1 94
9313 26
-1 20
-1 69
1191 56
-1 64
3829 88
-1 159
-1 82
5559 117
9539 68
7811 9
6077 122
8213 108
5601 97
2670 16
4084 124
5497 99
3845 16
-1 145
5706 8
2169 51
-1 140
7619 71
-1 129
9232 75
-1 134
303 4
1246 107
-1 143
2911 73
8710 42
1769 119
3984 72
2865 73
-1 65
7868 31
1130 36
5085 17
9899 68
-1 67
6967 81
28 62
-1 63
-1 3
6461 10
-1 150
608 79
1758 102
4145 25
-1 149
-1 30
-1 148
781 57
5184 99
-1 157
-1 114
3359 84
4944 63
-1 62
1023 68
-1 46
8583 25
3340 45
6141 122
5070 61
6171 15
-1 64
-1 46
90 48
4735 37
5994 95
-1 49
480 119
1131 24
4624 50
4186 126
5662 115
352 14
4007 13
5454 90
6301 123
-1 148
-1 107
4026 102
1316 89
4153 115
1902 33
6907 76
8487 106
-1 142
-1 122
-1 158
9368 120
9007 36
0 36
-1 79
2682 105
5589 43
9036 51
6234 102
3959 106
5267 108
58 70
-1 167
6214 14
-1 167
-1 171
8080 105
708 86
8380 71
6541 96
7109 16
788 34
9954 85
-1 37
-1 149
1361 60
4776 97
-1 111
1071 87
6151 84
-1 168
5628 77
-1 88
-1 175
-1 211
-1 201
-1 22
-1 83
-1 122
-1 39
8664 79
9963 34
6021 55
6064 2
7901 64
3939 101
-1 151
4806 12
5602 103
3479 116
6628 17
-1 187
2289 5
9150 45
4707 2
3711 68
6438 35
9702 19
5267 29
-1 14
865 15
8484 115
6631 39
1146 119
3925 110
-1 247
4098 88
4599 109
-1 174
3881 97
-1 163
-1 206
-1 256
9896 59
6814 28
6924 98
4518 102
5146 121
673 120
-1 83
3144 15
1186 67
-1 118
-1 23
475 2
-1 8
905 27
8960 102
2548 61
-1 42
-1 126
909 14
-1 152
2392 127
8162 123
9134 110
-1 197
2623 82
5606 115
7085 82
8650 70
3824 21
6249 21
-1 268
-1 49
287 22
3805 62
1447 89
1063 50
6073 126
-1 0
-1 180
1169 106
6029 95
-1 211
771 55
3550 63
-1 217
-1 238
4901 85
474 109
-1 247
1575 76
-1 185
-1 4
-1 223
1012 50
3427 16
5967 35
-1 33
-1 8
5204 67
958 96
8166 55
7691 104
553 117
5021 120
9329 111
-1 103
7981 52
9220 57
3854 55
4324 94
-1 237
-1 303
2666 62
-1 216
-1 308
9424 48
7611 74
1407 20
7185 37
6441 46
8850 102
-1 125
1191 118
681 126
-1 287
8633 82
2828 109
5177 27
702 43
-1 33
-1 61
2176 88
2327 74
-1 122
-1 210
-1 334
5651 17
9860 46
2742 39
-1 26
-1 308
-1 198
4863 20
-1 166
8612 95
2661 43
805 117
9434 34
7586 76
-1 177
6046 19
-1 176
6766 33
1598 99
1979 5
1368 41
6608 35
-1 319
7208 64
-1 302
2013 2
-1 189
645 101
4472 12
7198 68
-1 297
7779 56
-1 331
-1 100
2523 4
7492 35
5009 93
-1 225
2785 10
8804 53
-1 252
1576 110
-1 227
191 74
-1 211
9789 45
-1 330
6487 67
-1 128
-1 216
-1 71
6477 97
2604 11
-1 202
-1 368
1055 90
6682 60
-1 163
-1 130
2862 30
613 101
134 40
-1 174
2581 52
7005 62
-1 241
-1 301
2104 15
7296 72
177 63
7575 99
-1 255
2995 18
7751 101
5564 9
-1 133
9927 108
5055 57
8922 86
985 20
1574 63
-1 199
-1 24
2910 110
9091 102
6855 70
-1 114
9487 104
6954 3
177 75
7063 122
2577 46
-1 162
1944 4
-1 170
4748 50
3864 6
7005 3
-1 52
4882 107
7231 106
-1 241
6538 50
4206 120
5757 5
-1 304
-1 346
9612 109
-1 285
2502 117
9080 32
2104 118
7295 78
4453 38
8317 117
-1 198
4996 36
6922 38
-1 395
3231 90
9925 9
4800 51
853 120
572 85
6473 78
4351 15
2699 64
7464 84
9981 98
-1 270
6888 56
-1 265
3989 81
5430 126
7205 30
2206 53
-1 64
-1 319
-1 420
106 69
8976 66
6625 48
-1 54
2096 73
5198 71
9198 23
-1 171
7413 70
3580 63
8387 100
4506 19
8072 36
268 113
9884 86
7603 80
7768 23
-1 235
7536 31
7355 13
3181 32
986 73
-1 243
-1 51
5664 8
5083 89
-1 417
1779 125
-1 405
2591 16
4867 81
-1 63
7214 52
7039 97
3777 6
6651 100
-1 259
7720 99
-1 380
-1 55
4806 104
5602 69
-1 51
-1 445
1960 102
796 45
79 13
-1 451
7740 6
4771 123
3333 49
707 105
4141 59
7167 66
6224 69
8135 125
5041 75
7921 22
6016 33
9714 38
3335 107
-1 301
2638 56
9103 8
8681 102
4031 50
7042 116
-1 280
2715 71
7229 88
-1 434
5004 7
1485 59
1321 77
-1 359
4708 77
-1 341
181 55
-1 435
5006 76
3485 40
2088 106
5992 68
-1 262
9104 122
2669 120
1457 32
3596 90
4843 7
1026 116
4722 2
1598 53
3690 62
9299 12
3565 42
-1 215
6740 112
9149 69
3393 120
9881 48
-1 438
-1 131
144 59
-1 229
-1 124
-1 295
1978 93
8221 38
8845 75
8804 6
-1 96
1961 75
2206 106
-1 4
-1 421
-1 444
-1 489
-1 26
-1 96
-1 444
4118 95
-1 446
-1 371
-1 188
-1 333
2736 55
575 120
-1 78
-1 478
8793 14
-1 56
5907 28
8719 43
-1 118
8329 24
-1 485
2188 8
3239 3
7062 110
7003 48
1695 48
3997 85
9513 88
-1 313
3836 107
-1 368
-1 482
6941 128
-1 411
8707 15
-1 90
5890 27
1399 110
3161 75
9409 71
6258 119
-1 343
720 104
6359 39
7811 29
-1 270
3188 116
-1 55
9615 39
-1 45
-1 252
-1 417
9458 61
9405 9
6817 11
7531 61
588 109
8914 61
6272 32
-1 233
4640 112
7953 125
-1 273
893 118
4750 120
4269 99
-1 120
3256 10
-1 128
5300 96
1 47
6894 71
-1 120
2192 103
176 21
3939 126
6344 46
-1 385
-1 375
-1 50
-1 480
-1 49
5154 62
2071 65
-1 340
-1 109
4063 39
8771 97
6747 36
4397 110
7350 64
3042 22
1563 113
7021 123
9492 24
5476 37
9177 53
-1 215
2176 47
-1 124
-1 508
9419 103
-1 526
-1 409
3917 89
3697 101
65 102
-1 541
2003 82
-1 224
3150 126
-1 516
2294 8
-1 481
6175 115
-1 81
-1 168
7035 114
272 103
-1 19
8290 54
-1 551
-1 575
-1 70
8701 113
3659 20
-1 545
2762 12
7208 73
-1 51
-1 298
-1 175
3271 36
-1 128
-1 73
530 77
205 87
4457 13
-1 94
2934 91
9566 23
9160 53
-1 355
1474 59
-1 317
-1 560
5432 63
726 10
2758 91
7271 85
-1 489
-1 541
-1 66
4666 127
989 75
1646 40
669 84
5447 127
121 24
-1 511
4434 78
815 32
9864 65
8221 101
-1 92
2466 65
9813 92
3741 52
6473 104
5158 123
-1 573
1446 98
9364 107
5087 27
6410 115
-1 110
-1 475
-1 82
8187 118
3388 94
4755 127
5500 97
6422 15
832 33
-1 590
6478 26
1263 94
-1 628
-1 142
2926 89
7249 47
6333 25
9310 50
354 39
-1 280
-1 345
8717 34
3036 105
-1 335
8692 54
-1 570
228 32
5856 72
-1 81
9644 48
1860 36
2480 78
-1 493
9202 41
-1 320
9078 122
734 74
1136 20
662 67
-1 158
7698 126
6001 63
684 8
9507 34
2944 37
7058 54
676 5
3039 34
1623 49
-1 176
4715 74
4956 121
-1 40
-1 473
2447 54
6223 23
8132 115
2169 63
5084 118
6923 31
3022 89
-1 427
5767 22
3783 54
9834 71
8084 110
540 103
2015 71
-1 139
4252 1
2926 61
6366 85
-1 410
-1 3
4983 115
5806 125
-1 460
-1 227
-1 276
-1 657
7441 69
9001 75
3945 25
-1 122
9760 45
4803 79
-1 580
2159 109
-1 239
113 36
5934 112
-1 656
8409 53
8737 124
5507 13
-1 359
4488 62
1790 82
-1 8
7093 69
-1 490
-1 395
7649 123
532 25
-1 611
7106 90
7952 20
-1 298
3405 17
-1 444
-1 170
-1 499
4360 119
652 36
4522 123
6766 106
6630 61
-1 467
7283 75
-1 681
-1 377
1684 43
-1 42
-1 221
5450 77
1832 3
5629 40
-1 57
-1 595
3052 65
4214 86
9005 3
944 21
8716 87
-1 48
-1 250
618 55
8964 41
4692 51
2999 96
7551 109
-1 643
3789 86
8272 122
9559 41
-1 104
306 81
5123 23
4346 107
5316 62
7590 37
6461 116
7328 102
7290 90
-1 347
-1 133
-1 139
1865 49
7907 94
1502 62
1883 33
8400 10
8679 6
-1 236
-1 17
1242 22
7669 95
4592 4
1405 18
578 4
-1 360
5788 1
-1 638
4489 101
8388 49
-1 168
-1 451
8117 18
6300 61
-1 485
4591 95
4853 26
2293 49
-1 188
470 6
-1 87
2686 110
6683 2
2258 114
-1 706
-1 383
1978 95
6538 80
-1 663
7266 12
-1 691
6132 14
2257 88
1691 52
8139 40
-1 51
6097 81
1815 8
235 45
5294 102
5628 6
1741 115
-1 542
-1 8
-1 180
2526 7
8705 11
8912 100
-1 489
7761 68
9907 67
6622 9
4235 19
8238 42
7575 24
-1 21
8398 125
-1 578
6429 56
3537 48
2927 3
-1 685
6878 107
1319 94
442 33
4669 60
-1 423
-1 573
8039 103
-1 682
8763 4
7262 73
3985 12
4247 46
-1 520
7301 47
-1 489
2328 101
-1 272
-1 54
9800 91
-1 430
-1 224
-1 28
2627 84
8852 65
-1 458
7679 27
3402 62
-1 295
9446 57
5947 18
4508 110
-1 695
6779 114
4826 75
8965 58
1714 34
-1 605
2142 39
-1 32
967 21
-1 593
8280 93
9908 1
-1 138
-1 246
-1 172
7137 88
-1 108
-1 775
8940 52
1031 72
530 18
257 67
5191 19
224 45
5224 117
3223 100
8867 127
1145 118
538 78
-1 2
-1 602
-1 37
-1 298
-1 307
1593 24
8802 120
-1 556
-1 69
8311 46
-1 199
-1 439
-1 149
7846 95
2910 35
6356 32
-1 100
-1 585
3454 86
-1 127
-1 781
-1 708
6823 54
5401 120
-1 568
-1 737
40 120
4860 119
2618 44
5117 78
3943 52
9009 16
-1 760
2850 125
653 77
2035 34
826 99
237 65
-1 134
2054 52
3751 116
-1 717
5844 86
1421 116
8297 84
1201 74
7104 111
6639 73
-1 290
7916 125
7583 100
-1 832
7013 94
5032 88
-1 689
-1 731
4288 68
-1 458
7250 89
6246 38
424 94
8146 60
9269 15
-1 39
-1 160
-1 484
-1 393
-1 439
1990 15
8493 43
3773 14
4067 78
6832 114
3251 72
5147 109
-1 191
-1 63
2367 72
4157 27
8237 119
906 60
1155 78
-1 227
1547 79
-1 565
4510 95
5878 60
7741 40
4949 115
-1 126
-1 517
8354 53
555 84
9467 79
1409 20
-1 258
8408 56
7294 82
120 73
5834 121
3975 50
2649 126
9750 62
-1 435
7915 97
1511 113
7294 63
-1 39
-1 436
4586 7
-1 436
2627 82
2548 68
5126 62
4719 59
-1 611
-1 435
8684 111
-1 731
-1 335
3464 74
6496 101
5677 71
7886 14
-1 775
-1 372
6553 72
-1 165
-1 874
5213 105
940 79
9707 54
-1 304
2498 118
-1 813
2982 123
-1 812
6599 42
1856 4
1966 47
7730 82
2496 37
8581 46
-1 645
5011 56
4834 61
5895 120
133 87
8876 78
-1 88
5348 28
621 105
-1 106
8912 88
-1 683
1119 97
1821 70
3916 90
2195 68
356 53
1898 3
1084 72
8996 38
5337 125
9793 93
5506 86
9793 62
3609 83
9463 15
4207 95
-1 689
3059 61
-1 722
5711 104
7839 22
-1 693
6286 108
1344 59
-1 532
1949 6
2775 93
4589 89
7117 38
-1 616
-1 533
-1 225
716 77
8745 25
-1 647
-1 349
1411 125
1503 123
6140 7
-1 461
-1 592
-1 563
2676 98
-1 389
8990 104
-1 586
8288 86
8234 44
9401 71
9094 99
-1 714
-1 786
5820 113
-1 918
3164 45
6038 59
-1 614
8199 21
8060 97
9807 52
979 45
4005 44
-1 597
8612 60
8640 60
2618 65
-1 87
-1 216
2895 54
4202 63
5031 87
4480 101
-1 338
1310 108
4814 125
-1 814
-1 678
2268 116
-1 492
3184 69
-1 245
5059 62
-1 489
4539 107
1052 18
138 52
5054 104
8221 89
6648 50
9367 59
2665 41
-1 594
3241 26
-1 396
9251 63
-1 136
-1 106
2237 81
-1 581
1205 68
1638 68
2469 64
215 21
-1 958
1502 41
7666 15
7631 47
2145 31
-1 295
9151 7
347 66
1025 27
4795 1
5532 60
3210 25
4549 61
3851 100
35 124
-1 766
-1 745
8080 35
-1 937
-1 800
9065 127
9425 117
-1 605
-1 963
7036 74
4894 114
-1 623
-1 369
3863 116
-1 713
187 105
3816 88
678 98
8252 105
2151 22
7813 36
-1 264
-1 617
-1 179
9530 95
9521 75
-1 263
4464 119
943 63
-1 268
3539 59
-1 937
2583 27
2197 76
-1 579
-1 288
9066 60
172 118
-1 11
7986 24
1594 41
-1 236
-1 71
6857 43
1899 120
2033 41
1915 49
739 30
4208 48
9679 90
7206 117
-1 1010
8024 12
-1 827
126 69
-1 52
-1 373
3337 105
-1 993
1697 82
6640 84
-1 283
-1 679
-1 943
930 35
277 65
1751 39
6699 49
4231 39
257 8
-1 618
9437 15
5242 88
-1 440
7217 126
2832 127
1300 28
718 49
944 88
8686 47
2843 26
3239 44
1720 81
-1 888
-1 804
-1 415
9654 113
-1 577
1503 29
5022 61
-1 1016
-1 827
9194 99
6099 1
7890 95
242 1
8341 127
-1 974
-1 249
-1 593
-1 739
3975 128
-1 278
-1 543
9144 30
-1 333
5019 44
-1 450
-1 529
-1 294
786 26
522 42
-1 763
932 98
2186 36
2085 41
9260 10
7688 109
6790 85
4198 79
1009 19
2120 124
-1 807
-1 666
-1 426
1918 67
1079 32
3958 96
-1 539
1675 18
7774 36
1253 41
5086 96
-1 875
3566 72
-1 133
2625 127
1662 62
1360 117
-1 558
-1 240
2524 3
-1 1039
8313 8
8421 6
-1 556
4306 80
9472 83
3145 83
6508 53
1063 78
1770 72
-1 957
2514 21
8169 5
655 56
2935 5
-1 757
-1 440
3325 116
-1 403
1099 79
-1 645
6124 10
-1 395
7368 103
-1 184
4221 2
516 88
-1 72
1368 90
-1 547
-1 903
8596 8
-1 977
8257 34
3356 128
5865 2
-1 995
2435 42
467 6
-1 456
6072 27
1271 124
508 49
-1 157
4094 74
2183 47
-1 570
-1 258
-1 513
-1 885
7407 105
2856 63
5560 62
-1 556
3332 114
6465 31
1072 63
-1 126
-1 65
-1 657
424 71
1464 108
2617 24
-1 222
-1 840
2088 120
5808 68
-1 187
3220 111
-1 885
9154 84
751 33
2292 119
7976 117
187 123
298 124
-1 1051
-1 480
6637 52
1827 25
4898 88
3644 48
-1 929
7857 61
7135 119
4614 77
8072 79
1055 76
-1 370
2128 77
4872 65
8025 101
8774 91
4551 74
-1 138
3554 61
-1 1084
121 7
9916 54
2059 114
5985 115
3207 7
6718 19
928 117
-1 947
2253 9
5136 29
-1 1076
-1 970
9977 102
-1 742
-1 968
-1 546
-1 470
-1 694
-1 251
-1 970
-1 241
5516 4
-1 780
661 124
960 124
3471 49
2970 9
6811 5
1229 92
4954 109
-1 599
9723 1
6405 79
571 118
535 93
-1 554
-1 463
620 109
7610 10
1146 21
145 23
7802 48
9380 14
82 47
7311 37
1046 18
7568 59
2137 117
-1 417
7438 19
-1 872
6124 42
5614 91
6064 112
7477 33
-1 460
5332 105
729 68
1064 62
5032 80
-1 806
2636 43
4167 92
-1 1138
6516 42
-1 1014
5601 22
1226 43
-1 274
-1 698
-1 277
5228 87
1997 41
783 118
-1 449
7727 113
3423 127
734 113
9560 50
9233 20
2064 48
7545 33
784 123
-1 445
272 41
834 60
1885 70
-1 1137
8318 26
3019 11
5891 103
-1 1145
8828 1
2402 82
-1 1120
8590 23
3015 40
-1 661
9159 114
4589 26
4854 121
3014 127
-1 653
-1 632
8061 10
8364 36
2718 104
3554 21
3798 9
1095 96
6180 77
-1 776
4583 63
8357 112
-1 523
3876 117
7685 8
-1 866
7285 124
-1 662
947 102
-1 492
2737 6
1592 123
4493 58
9933 98
379 17
-1 979
8497 68
-1 698
6850 31
-1 0
1588 8
-1 914
5605 23
-1 833
5757 63
227 64
5470 45
-1 541
-1 28
2187 3
5517 38
8545 86
4057 119
3340 112
-1 150
9735 4
577 103
5284 38
-1 679
-1 1173
3281 73
-1 279
6197 118
8135 118
7615 60
7374 108
1043 68
9998 84
2633 69
9238 94
5940 56
-1 593
-1 458
-1 310
4725 62
-1 104
733 94
8743 80
8715 92
-1 878
7738 62
-1 664
29 76
-1 613
-1 442
-1 937
-1 932
-1 322
-1 700
4580 124
5410 47
8273 17
7910 99
-1 957
6435 19
4986 73
7210 122
9658 23
1254 12
665 58
-1 1159
1145 86
-1 174
5536 86
1856 49
-1 891
-1 605
579 55
4023 51
9336 40
9423 37
-1 1247
8628 94
-1 187
1704 1
6490 72
-1 640
5158 60
5373 78
4819 37
-1 722
-1 993
6955 32
8029 106
1527 120
-1 720
5517 23
-1 130
-1 556
2282 79
1299 72
269 8
-1 249
1135 9
-1 642
-1 416
5906 46
2164 62
2782 7
-1 1279
2193 24
-1 27
4934 41
5881 69
-1 601
1828 43
1422 46
2149 74
-1 1114
-1 529
385 65
5202 38
-1 269
5058 106
-1 218
1392 40
1557 54
-1 635
-1 886
4819 66
2530 4
-1 1270
-1 699
6430 34
-1 965
-1 305
6752 21
5186 14
7944 57
4658 79
5346 56
1665 14
2279 127
1813 68
9844 88
2343 55
5634 65
3887 126
-1 1193
7639 47
-1 702
-1 334
102 122
-1 377
168 33
2728 121
9913 39
5861 49
1127 20
-1 969
5389 19
2734 44
3631 107
-1 1093
1895 42
8430 103
4770 106
-1 325
1810 57
6621 115
8514 29
-1 345
-1 722
-1 471
-1 1070
6393 126
83 59
-1 1165
7905 120
282 13
8019 85
2288 48
2165 84
-1 375
8048 122
1271 93
333 118
1509 42
7548 49
9800 125
-1 791
7300 68
-1 102
-1 535
4448 16
4380 73
-1 277
-1 625
-1 75
-1 369
5805 5
280 30
-1 221
4122 12
2851 123
9509 45
-1 213
4953 52
2432 126
6138 81
2045 94
7048 85
2131 62
2511 98
-1 886
3454 109
782 58
6115 99
6427 101
-1 1236
7004 116
2919 73
9050 17
6366 121
6956 10
-1 1343
397 72
8901 83
500 57
1932 21
-1 1122
5664 106
5165 121
868 91
1477 45
9449 8
2908 100
-1 147
5281 16
7863 36
-1 1171
-1 1129
-1 929
-1 223
7178 7
6572 50
-1 170
1258 116
5234 128
-1 253
8411 111
7404 34
5758 68
-1 256
5084 63
954 117
-1 681
5939 33
4931 34
3495 107
4189 57
3695 108
-1 821
4405 57
-1 1295
639 93
3160 17
-1 208
-1 1321
7443 123
-1 1134
-1 766
4205 17
5312 26
4725 112
7793 82
7147 40
6740 48
2813 24
8963 66
-1 137
-1 131
8768 70
1155 123
-1 1319
-1 1131
7858 55
1955 98
-1 1358
-1 1360
-1 1387
-1 1383
8817 47
2597 46
9043 78
-1 357
4667 125
8898 64
-1 164
-1 392
-1 77
5011 31
-1 589
1298 8
5834 107
-1 43
9490 16
-1 1396
-1 464
5646 49
-1 1257
8101 73
8222 125
-1 655
-1 348
5368 75
-1 1308
35 96
4650 71
129 63
1869 46
-1 975
5703 50
-1 424
-1 40
8785 101
6651 113
914 30
-1 121
-1 754
-1 211
2231 28
7816 90
-1 1092
1844 78
7369 123
8246 63
7953 39
5417 3
111 105
-1 985
9370 50
2745 30
9480 57
5724 114
5304 6
3988 106
3223 23
8848 13
-1 136
-1 1241
5152 127
8636 52
6272 78
6341 41
3370 58
-1 1291
7083 43
6281 80
2650 112
5514 106
-1 248
6894 10
9814 116
-1 82
1074 63
1887 68
-1 1047
1265 126
-1 155
9617 96
9669 7
-1 1213
8243 60
7134 111
1496 120
9123 91
6427 35
3817 117
3909 29
9727 77
-1 754
9346 83
-1 1431
-1 315
139 110
-1 392
9079 31
-1 1179
-1 1003
-1 134
3008 70
539 73
5453 47
-1 1469
8046 40
6656 62
371 53
-1 194
-1 851
-1 540
568 109
-1 579
1654 110
8477 102
8828 9
2516 110
-1 761
-1 1265
366 92
3775 53
2692 112
-1 1106
-1 132
-1 1080
8439 91
-1 937
1484 5
1485 61
9466 96
-1 433
5826 70
-1 1364
3755 39
-1 1034
-1 212
-1 1371
-1 216
-1 1175
7682 78
8794 100
-1 402
4248 88
-1 1119
-1 932
2043 117
4376 117
1982 81
-1 920
-1 1117
605 104
-1 169
9034 110
1890 5
1220 23
2792 33
4256 76
-1 251
-1 1382
5688 51
5340 23
-1 498
-1 183
6050 28
5173 108
-1 1154
-1 214
1236 58
3603 61
1195 98
-1 598
9227 87
9071 39
-1 1064
1573 113
8813 52
-1 1419
2681 105
5284 97
2148 74
5592 82
8603 87
1181 85
9614 21
4995 115
2510 109
5789 70
-1 933
-1 240
-1 513
1822 16
-1 333
6430 70
3738 40
2566 97
2488 54
-1 504
-1 1215
-1 1254
538 89
4167 82
-1 724
379 118
6782 86
1460 73
6841 41
4610 28
2441 53
8847 80
-1 361
9554 55
6497 85
-1 422
3005 68
3115 98
4514 76
-1 136
6543 4
6273 45
-1 62
1133 88
-1 936
8575 7
7261 19
-1 1065
1848 43
3227 123
103 72
5432 122
-1 141
7730 76
1437 100
8662 89
-1 324
2484 105
-1 118
8169 37
-1 470
8647 41
-1 787
430 4
-1 41
-1 1209
3153 75
-1 138
91 52
-1 66
4401 81
38 128
2323 27
-1 1405
-1 818
6646 127
3244 76
7268 90
-1 1043
-1 473
6712 61
-1 180
-1 164
1681 4
1100 120
-1 391
581 13
7435 22
-1 311
-1 631
7789 126
4515 6
3388 52
1090 64
-1 1040
8369 96
2658 48
-1 730
-1 411
4240 88
-1 924
3261 84
3336 67
4986 57
-1 1319
-1 1549
7728 104
6318 34
9354 22
559 119
-1 1524
-1 242
6793 14
528 112
1349 80
-1 3
15 81
9858 123
9549 106
-1 444
7055 118
2858 90
4639 2
8625 111
5934 23
-1 1400
-1 686
6533 48
-1 1327
1175 11
5388 86
-1 1332
-1 121
5760 67
-1 772
1062 74
9282 125
521 127
4088 100
9174 5
1454 55
7406 7
-1 739
-1 1271
440 109
2708 54
317 68
7263 14
-1 1609
5854 101
9524 58
117 39
679 105
6500 15
-1 78
-1 1552
3225 109
7737 75
2747 110
4265 23
6709 100
-1 265
-1 350
6586 123
2487 12
-1 672
-1 1174
-1 1021
-1 316
8804 60
-1 629
-1 652
-1 1601
6971 78
5369 57
-1 88
-1 569
7899 84
1731 117
3612 33
9693 88
1814 60
-1 216
3849 51
140 49
9180 59
4562 64
2816 24
1318 124
1440 34
8663 66
-1 932
6502 17
7952 40
-1 711
2751 10
1226 4
-1 161
942 60
5384 107
4638 48
5030 68
-1 680
2423 102
5446 117
8045 77
2549 93
-1 184
2314 10
9133 82
-1 720
-1 218
-1 361
4985 4
7629 118
596 82
441 108
-1 1255
2332 90
5613 82
3509 59
941 63
8653 8
3289 32
4418 8
9765 25
-1 1302
-1 1629
5385 123
-1 28
-1 921
-1 1485
2821 91
2048 26
2977 120
-1 413
-1 1031
6932 80
1070 118
2863 128
9050 58
2442 39
768 92
768 94
3187 95
-1 139
9350 98
-1 1665
3200 115
-1 576
3622 18
-1 1231
2018 33
8919 104
7030 40
8042 61
1683 75
6502 106
5571 125
7811 61
2157 49
3845 50
-1 1702
3211 18
-1 23
5584 87
-1 288
9664 72
-1 280
7102 95
4867 35
-1 408
-1 899
5821 127
-1 809
-1 969
-1 1634
1917 53
6431 93
1507 96
-1 1295
2819 18
-1 1583
-1 1663
5251 37
4954 38
8463 86
5826 13
-1 401
-1 1628
5289 14
1776 96
9130 107
-1 75
4618 89
165 82
832 75
3080 15
1364 97
-1 529
-1 745
8825 102
318 37
165 103
-1 1669
1409 111
4690 49
8597 97
-1 1475
5558 74
9412 16
-1 437
-1 517
8764 86
4014 53
4845 73
5555 68
834 30
5859 41
5652 24
-1 921
-1 24
-1 900
3083 61
4437 121
5241 79
2618 119
-1 853
5076 45
-1 984
7898 12
3815 111
4483 106
-1 1175
9583 12
-1 255
8831 79
1811 123
1448 59
-1 1528
3215 57
8437 36
2422 83
6345 48
7483 76
-1 203
922 118
5846 34
-1 1022
233 74
839 51
3856 37
-1 621
2732 126
4497 100
7134 75
6571 104
7244 102
-1 1028
9699 76
192 64
1426 13
-1 710
4798 93
-1 1496
1568 92
7841 95
1318 50
8189 86
9466 47
-1 918
7981 16
2135 40
768 36
2354 127
8617 6
8262 110
2541 112
4301 126
6139 20
-1 6
1095 100
9569 108
-1 239
7607 118
-1 930
-1 872
4412 17
-1 521
-1 1253
9321 22
-1 265
5245 114
6392 45
-1 1054
-1 810
48 78
315 55
979 37
-1 354
-1 1422
-1 1067
-1 610
5873 41
-1 1090
265 86
4966 106
-1 276
6912 88
-1 333
1162 54
-1 1400
8930 48
7727 113
-1 1654
-1 1742
6122 102
7064 25
5423 105
-1 866
-1 158
-1 1565
-1 742
4418 59
-1 1497
1166 21
9586 19
8339 72
472 79
-1 112
9698 85
-1 182
-1 710
8168 120
5453 51
705 13
515 4
7580 20
684 73
3338 77
9296 43
2622 37
725 37
9245 91
7729 83
6330 17
1080 20
4368 112
553 32
-1 1468
7364 127
-1 1678
-1 1484
8937 80
918 10
-1 812
3323 94
4595 116
1821 90
7576 88
1651 115
-1 746
7420 114
3486 119
7518 82
803 95
8324 95
7096 114
6460 35
-1 1021
6804 110
7516 13
1724 41
9322 110
4218 101
1670 9
7823 112
4035 87
-1 120
1701 53
-1 1
3958 17
4612 7
9454 24
-1 792
-1 1074
7221 12
3196 97
-1 1691
5714 60
1620 41
-1 115
-1 341
-1 689
9447 52
203 92
-1 1184
1951 78
1843 111
1581 118
4398 85
-1 524
6229 110
973 35
-1 759
5728 18
-1 1836
3968 103
-1 221
9540 53
5417 5
-1 493
-1 781
4686 79
467 117
1841 61
-1 1814
-1 1386
341 77
-1 1546
7719 124
1477 112
-1 691
6611 111
-1 1310
5003 91
2168 27
7539 53
1935 79
723 84
-1 196
5595 104
4287 56
-1 31
4835 120
9803 72
1339 44
3275 78
-1 1685
-1 925
1928 22
7448 11
2670 70
1818 120
6507 17
1883 78
9747 113
-1 78
2502 108
4172 93
8987 124
-1 1622
1725 59
-1 648
-1 1581
398 104
9372 115
-1 1223
3068 4
-1 819
-1 218
7582 56
-1 1527
6167 22
9936 7
-1 1463
5759 101
3780 94
8060 7
5671 74
1255 22
-1 940
-1 189
3237 101
8530 62
8716 70
-1 697
5528 3
-1 300
2404 2
7654 86
-1 1768
797 34
-1 1762
-1 593
-1 529
-1 1847
4012 120
7507 13
2490 8
9897 120
-1 1052
6216 105
693 13
2412 9
4346 45
7743 74
-1 1142
-1 682
-1 1444
-1 942
2545 70
9 125
2473 40
2845 62
7774 65
6872 118
6896 113
-1 1566
-1 780
-1 4
7647 88
-1 990
-1 145
-1 377
1311 48
8816 61
1711 122
-1 1035
-1 905
-1 1101
-1 96
3249 103
7456 21
1031 13
418 7
-1 1153
7510 15
-1 1249
24 85
201 113
4305 63
-1 1858
-1 1381
1978 51
6357 72
-1 1893
3777 55
2149 66
6174 20
239 123
9096 46
2242 17
-1 1264
-1 1914
-1 1649
-1 33
-1 958
2546 95
-1 1408
-1 596
5600 95
1967 119
-1 596
599 36
-1 786
-1 1829
6822 18
5673 7
-1 437
-1 58
6582 111
-1 1282
-1 1102
2658 77
6875 1
-1 288
-1 587
2697 123
5728 127
7438 63
4475 82
-1 695
31 62
2292 25
168 89
8089 13
-1 1457
3564 2
-1 1454
-1 191
6102 103
641 3
3547 123
1038 96
-1 511
8100 18
8117 8
-1 107
7538 36
1887 31
-1 1928
-1 29
805 52
-1 1851
5850 8
-1 426
2013 66
-1 754
5987 66
9488 64
-1 802
-1 640
3839 56
9646 106
-1 460
902 81
-1 808
6550 34
7122 107
4940 110
1482 66
-1 653
3611 55
-1 1091
6327 52
-1 1638
4294 96
4947 38
2514 123
7785 101
9021 34
-1 1951
2922 111
9266 106
9899 82
7529 40
9095 38
-1 60
1804 84
5547 56
-1 145
594 88
8035 111
-1 457
4958 79
-1 1642
4590 87
4050 9
-1 1626
-1 804
3944 53
-1 424
7830 92
-1 407
6635 109
4654 7
8827 110
-1 866
-1 1598
9791 3
292 10
-1 140
351 54
6237 99
-1 411
-1 421
6964 20
607 21
-1 1382
7182 124
4330 119
5265 91
7430 34
3164 49
-1 688
-1 1697
-1 749
2474 19
3668 115
5067 123
-1 1723
3358 85
4030 75
-1 1867
1444 22
6040 36
-1 1918
5224 39
2967 71
4854 2
6287 55
-1 643
5345 31
4904 71
9605 12
6982 18
794 34
494 96
-1 70
-1 887
854 56
-1 807
2259 126
-1 1950
4705 98
4426 96
-1 1276
-1 519
7802 70
-1 1680
2578 101
1826 22
4444 48
2105 71
3934 51
390 43
942 39
2301 113
6704 28
7581 105
975 32
3204 98
-1 1443
-1 271
-1 142
6493 111
-1 151
5465 44
7507 88
-1 866
9122 104
1556 13
5466 19
-1 1756
2090 126
-1 46
212 61
126 92
8041 59
1728 110
8734 122
-1 1606
3952 56
1150 107
-1 1992
2429 37
1346 104
9061 26
4425 90
1289 127
1596 3
2824 32
-1 1237
7346 64
-1 1295
4054 64
8808 104
-1 1913
-1 1277
7688 4
-1 1676
9856 82
2280 25
4964 57
1173 35
-1 672
763 41
-1 1290
979 114
5489 30
4083 90
4693 124
786 49
-1 2059
-1 610
-1 290
663 25
145 69
216 61
1158 12
162 24
6249 125
9676 125
3436 63
8000 116
3628 118
-1 1960
8394 7
6122 39
2643 6
4502 26
-1 1468
-1 580
-1 2091
-1 504
1209 77
-1 2018
2908 113
-1 1900
-1 961
-1 1767
4306 44
1067 46
1827 53
392 41
9005 93
9948 125
-1 1040
-1 1058
-1 803
-1 1500
7467 59
5466 47
2381 8
4826 32
7440 26
3885 125
2151 88
1603 99
6469 60
-1 201
-1 455
1715 34
7251 104
973 114
6100 88
6745 13
-1 202
1993 22
-1 71
-1 1282
8848 9
7933 104
4485 9
4000 109
-1 1612
7708 102
-1 321
1631 104
6243 52
3375 75
-1 409
8961 102
5468 8
3287 50
-1 766
8320 83
-1 1485
9462 59
8056 101
5954 127
-1 1749
6658 102
8736 92
7333 70
-1 1484
4114 96
-1 1465
9077 35
2847 33
-1 1642
9057 120
1062 122
-1 2060
9601 109
8643 9
2305 67
2472 28
-1 350
4606 16
-1 1287
222 25
7168 51
268 115
-1 36
-1 434
4704 106
4322 22
1113 80
-1 827
-1 894
1864 49
7929 31
7184 5
9265 19
-1 1634
-1 1477
1804 126
3685 100
3112 44
7048 54
-1 790
-1 1367
6810 41
-1 90
-1 597
-1 1027
-1 255
5378 71
6932 81
313 36
4200 61
-1 1292
7189 60
-1 668
736 3
-1 207
2175 32
1911 92
4098 83
-1 1536
3789 22
5692 95
1182 27
564 71
-1 1705
-1 120
8919 111
-1 294
1039 119
2066 22
-1 329
5310 27
399 50
-1 157
6759 19
5644 48
3526 77
1647 67
-1 2005
8218 39
8875 88
-1 468
552 70
-1 1437
-1 1635
-1 1721
8529 49
1365 122
5443 60
8086 91
5275 45
-1 1925
-1 435
1391 107
2725 77
690 94
3935 12
880 104
310 85
-1 1378
1707 64
-1 612
4472 80
8653 119
4509 126
-1 840
-1 291
-1 103
-1 1568
6968 41
2359 115
4001 114
-1 504
6695 118
801 111
-1 1769
-1 1163
2649 96
-1 90
-1 1287
2522 77
2109 33
803 114
3254 17
3032 96
6438 108
7234 82
383 85
-1 696
3579 128
6707 29
-1 137
5811 57
7291 37
-1 664
77 105
-1 1764
-1 1762
-1 1511
-1 2152
-1 1320
-1 2094
5053 70
6925 44
1303 37
2974 29
390 32
331 95
1772 56
2493 80
-1 859
3169 69
7273 25
1372 28
473 93
4626 27
-1 583
-1 875
1983 41
4638 45
-1 1523
2059 38
5300 125
3496 60
9288 115
7658 62
-1 701
639 43
3577 128
-1 1322
2223 83
-1 163
7881 117
-1 566
8845 63
1965 51
6067 117
1789 16
6510 125
-1 936
7574 14
-1 1469
3338 15
5641 85
-1 22
7682 59
4922 35
8862 76
-1 283
5116 77
2918 35
-1 297
299 58
-1 1307
-1 736
6848 8
5808 6
420 74
3264 89
1461 24
-1 1688
-1 728
-1 525
388 68
-1 1821
-1 904
-1 371
-1 1520
-1 1013
2552 94
3116 55
647 52
8951 108
-1 213
2074 92
8481 90
2493 11
698 11
2442 89
-1 734
-1 235
924 112
-1 1336
3847 111
1561 53
-1 296
41 18
8283 96
-1 1664
157 59
-1 925
257 47
-1 989
-1 314
8387 92
-1 1841
2839 85
-1 1663
4682 117
-1 283
1447 81
1998 100
4240 51
-1 1657
7453 33
-1 1878
923 115
8963 13
1287 98
3394 124
7048 102
1424 33
8821 4
6409 67
4983 37
2606 107
7399 113
1346 61
-1 1593
1405 25
1327 107
793 17
9983 100
-1 2011
-1 2282
5716 114
-1 2216
3813 24
-1 757
1584 80
5943 112
811 65
2753 25
448 86
2415 60
4609 17
6862 100
1342 60
8249 80
976 35
-1 1951
2412 14
-1 419
7277 95
-1 519
-1 728
-1 777
1372 61
-1 144
4591 9
-1 1959
7253 61
6099 80
8364 121
6164 123
3950 26
-1 1933
87 75
2867 73
-1 22
1611 78
9953 75
7155 75
4867 79
8794 62
-1 1555
7827 6
-1 1836
996 71
2221 92
7628 109
1026 21
8423 55
4345 80
2379 90
2400 58
5990 127
3317 50
-1 1805
7984 35
7180 83
6254 37
-1 625
5545 110
3903 60
5985 71
-1 1925
6217 81
3162 125
9371 16
6215 104
-1 2157
9868 106
-1 1220
7274 7
3913 61
2425 44
-1 1545
-1 457
1490 124
5827 30
801 75
9025 25
5403 70
2683 57
-1 1246
-1 2298
-1 1677
-1 2330
4532 90
182 93
7693 30
4619 5
-1 1795
7101 28
-1 1859
5202 62
9083 110
5965 64
1380 89
630 21
-1 1911
-1 2377
6840 62
2157 90
5068 71
8702 38
-1 2287
2443 51
9924 35
6198 78
5249 77
-1 218
1377 95
5475 127
-1 1844
-1 1507
338 24
2624 84
6005 92
-1 1677
2181 27
-1 579
7529 77
2234 74
-1 747
-1 417
7489 25
7938 108
7413 43
2790 80
-1 2301
-1 1463
1754 11
4413 36
5685 123
8918 53
712 85
-1 1934
-1 1293
8825 122
6023 71
99 4
-1 928
-1 2001
-1 1115
1410 24
-1 1824
-1 863
301 11
4410 124
-1 1998
-1 177
2039 21
7779 54
-1 1193
-1 1895
977 24
2007 127
9065 68
521 42
-1 1587
108 95
2041 67
-1 1063
369 101
8933 62
8550 48
-1 1923
-1 1689
3904 85
-1 1144
4409 43
-1 1265
-1 799
-1 425
4049 30
5792 18
1931 105
5707 97
4971 23
-1 362
9482 118
3704 6
3373 111
7932 60
222 40
-1 895
750 14
-1 326
4249 57
9479 43
6890 92
-1 102
-1 826
863 15
1664 90
-1 305
7723 116
2050 91
8597 64
-1 180
-1 1311
-1 397
3533 120
1882 21
2594 35
2068 45
-1 525
-1 1880
-1 350
4755 128
-1 1268
-1 0
6972 58
862 100
5868 113
9662 106
1181 43
6677 61
6847 9
-1 1890
-1 592
-1 891
1030 59
-1 1631
-1 1089
2770 35
-1 2326
-1 726
3636 104
8513 88
3748 102
-1 640
-1 577
-1 45
7555 23
1877 11
2691 29
7058 110
5178 77
4727 31
838 75
-1 800
4306 128
-1 2379
2879 108
7172 10
200 115
-1 510
-1 711
1531 21
4397 106
-1 384
2534 26
8304 46
2033 115
-1 2042
804 13
2331 107
-1 1848
7705 116
-1 1732
-1 217
44 114
9386 3
1705 31
-1 2425
-1 1092
-1 1129
37 125
-1 408
7535 72
2890 21
1832 57
5356 38
1528 43
6300 12
6130 75
-1 187
-1 906
5887 85
2703 11
-1 436
3420 91
-1 1345
145 79
9836 22
-1 40
-1 172
6478 22
8125 47
-1 574
-1 1315
90 100
2433 2
7204 19
8459 109
4309 36
8137 119
9100 90
-1 890
1670 4
37 38
5047 91
6718 103
-1 1729
4671 74
-1 243
8502 70
-1 2437
5836 17
3386 33
-1 1248
-1 2442
-1 1116
3309 93
-1 1117
-1 1212
4382 14
4376 76
9914 15
-1 1743
-1 1178
-1 2059
-1 1332
407 77
3747 25
5521 104
-1 341
8879 52
9945 24
8288 96
-1 1191
-1 1514
5654 48
8445 33
4500 16
-1 370
1583 125
-1 43
4550 48
9793 119
8619 30
4464 12
8012 33
7071 64
0 121
3505 121
5208 18
-1 423
-1 942
4937 45
-1 717
7588 74
867 31
-1 56
9751 125
3719 25
7904 46
-1 759
1876 113
8954 52
1017 117
6257 18
4237 47
2979 4
439 40
8889 104
4783 34
7012 16
-1 1961
7485 26
-1 2495
4605 25
-1 666
-1 1990
9431 117
5034 115
-1 410
4888 52
-1 184
2169 64
2289 24
4981 54
9441 78
4228 113
-1 743
4826 48
4521 110
8388 55
3477 21
-1 1181
8812 100
7997 1
6916 113
-1 328
-1 2419
8933 76
2073 117
-1 249
7402 24
-1 699
537 19
-1 1456
859 96
4748 75
-1 333
319 53
-1 1604
-1 2446
6546 21
-1 2566
5580 90
7668 85
9166 80
6598 128
1861 4
2040 62
4237 93
664 68
2607 17
8412 76
1303 45
1450 71
3498 4
6533 89
6102 52
-1 1408
5930 42
-1 2166
6356 81
7909 32
4530 62
7058 6
-1 1408
8740 102
-1 612
970 90
4466 96
4296 9
-1 1356
-1 1009
1713 94
9290 107
-1 2493
-1 1262
5677 125
-1 1670
9183 108
2629 47
112 39
6849 31
2914 12
-1 2308
-1 2077
582 1
6019 31
1743 99
-1 865
493 123
3511 95
2502 95
2071 20
-1 2338
3143 82
-1 1692
141 30
199 65
-1 2616
5689 17
4077 3
-1 1285
-1 2432
-1 1171
2852 115
732 114
-1 187
9958 85
-1 2488
-1 2135
5564 28
-1 2490
2525 17
-1 2549
-1 1563
5780 24
9501 124
-1 1802
1705 78
-1 210
6596 63
-1 495
6852 128
2528 21
-1 763
5958 72
8463 6
9325 116
1863 97
3358 80
3061 51
558 86
9479 91
8783 40
-1 2391
3887 101
-1 1934
-1 1299
-1 1629
6473 58
-1 1684
1638 105
7072 16
8139 63
-1 2025
9202 98
-1 1867
-1 1198
-1 2333
-1 1472
-1 1307
-1 2400
6929 29
3787 51
2278 3
-1 1262
-1 603
9777 63
3616 115
2529 94
979 59
8541 88
-1 427
-1 2087
17 61
-1 373
-1 562
-1 798
7723 64
-1 1680
4980 118
-1 171
3260 60
409 83
-1 1684
1920 83
3036 45
-1 1233
-1 2630
8724 128
625 92
-1 1123
9149 42
1597 78
-1 72
2207 50
1228 98
6213 72
8441 77
2939 18
-1 0
461 29
-1 2348
786 57
-1 1754
4910 9
6946 6
2337 67
7795 15
3902 78
4950 34
1654 114
181 35
-1 69
8696 81
6147 87
4900 45
6768 66
1153 44
6335 96
-1 2110
-1 962
5814 28
3459 36
7979 80
-1 169
4809 125
-1 2506
-1 2504
1943 116
2069 7
8663 121
8550 31
8344 121
3899 81
-1 1809
-1 2188
-1 2459
1717 90
-1 754
-1 527
9671 50
1171 42
-1 1008
1239 81
-1 1794
-1 1249
-1 80
1020 116
114 5
3924 7
-1 830
-1 544
-1 1824
-1 1418
5156 51
2576 9
3046 65
-1 1829
-1 2402
2038 34
511 29
4971 114
3286 25
-1 249
6184 76
8525 37
-1 621
-1 346
-1 944
160 56
4465 4
-1 151
9055 12
7339 98
4302 122
1338 38
1488 18
8685 126
567 65
9521 127
-1 1912
6744 28
-1 42
9354 37
9752 34
5302 114
3854 109
-1 1284
-1 979
6704 77
6813 114
430 19
6799 107
3930 10
-1 2058
3723 16
-1 752
8037 48
87 11
1973 122
6679 61
8643 2
7620 83
-1 1201
-1 768
-1 1034
-1 861
4812 104
-1 2456
-1 2001
1268 77
-1 2506
8535 33
1498 71
6750 110
944 31
1603 91
1920 54
6209 110
6030 66
6091 75
9963 113
7414 80
7395 120
7183 12
9071 111
-1 1504
8928 64
-1 107
3959 1
15 17
7290 71
-1 2398
1185 12
6088 123
-1 1843
-1 2242
8260 62
1686 127
1409 69
8939 45
-1 648
-1 488
51 108
-1 1527
7933 117
1242 53
8017 48
-1 2495
5631 113
3272 35
5336 18
323 19
2650 22
8296 62
8420 30
2732 102
4020 104
1842 106
-1 1570
-1 1970
-1 1381
-1 1080
-1 583
81 79
7417 34
5019 75
667 32
-1 852
9996 66
5692 82
513 88
-1 2122
9747 57
3072 6
1254 72
-1 110
-1 736
5543 23
-1 896
2010 18
-1 941
3234 85
-1 404
-1 867
-1 2146
2478 88
9989 115
5979 45
1984 90
-1 919
4361 103
1437 92
7152 80
-1 2419
4315 4
6517 36
7111 1
-1 2050
8588 14
-1 2080
4919 85
-1 2026
8018 65
9421 110
-1 2646
7810 112
4432 16
3299 21
8963 31
-1 902
-1 423
4780 27
-1 2228
-1 2710
-1 1861
1349 32
-1 2203
1087 38
2805 38
7785 114
-1 846
6653 86
1505 83
9651 124
-1 2092
-1 1991
7221 96
-1 1908
6138 62
4956 71
-1 304
9015 82
9250 80
-1 398
9319 53
6027 117
2577 79
2058 26
3617 66
8650 86
1524 128
3963 114
6893 87
9744 43
1307 51
256 81
302 70
1001 71
2119 56
8828 121
9339 40
1462 94
-1 648
2954 85
-1 1260
-1 2164
8405 113
8803 83
8908 102
5443 54
-1 1914
591 35
9384 122
-1 395
-1 2240
-1 1319
-1 1406
2088 68
9602 88
7504 47
8081 79
1504 11
-1 2474
2182 110
-1 2693
-1 521
8802 112
-1 2447
-1 1012
8063 104
-1 1736
6226 51
-1 2158
1841 127
6716 58
2213 83
6205 18
5082 35
1007 76
7483 58
9157 23
1445 57
4732 98
2971 11
5561 28
9648 13
2752 114
2401 7
1166 128
4123 77
-1 214
4642 76
-1 2364
3032 83
-1 743
9434 86
3850 97
4978 38
796 48
-1 1481
-1 2566
4761 15
-1 2891
-1 2770
-1 1177
9428 61
8064 70
-1 1252
8887 27
3495 95
7330 95
6288 113
6530 2
-1 2402
8428 71
296 109
-1 1372
-1 2496
-1 1370
529 41
634 89
6645 13
6875 26
-1 2458
-1 1679
2985 19
9805 64
9204 12
3808 69
3157 70
6418 97
2492 128
-1 2825
-1 2642
-1 1694
5221 64
-1 1799
438 56
3812 105
2280 35
-1 2634
76 8
-1 343
7480 84
2712 84
-1 1733
-1 795
225 34
2570 57
1761 121
1580 84
4028 90
4742 74
1930 81
-1 354
-1 198
-1 154
4958 78
5154 27
603 40
8159 115
-1 1516
7895 44
1399 121
4632 76
-1 1129
-1 700
4076 1
634 44
9684 30
5913 115
2499 17
3404 15
6388 124
9270 24
1410 84
1463 78
-1 2270
6794 123
7903 96
-1 1689
938 97
-1 2334
3823 63
2515 53
-1 148
8444 124
3910 92
144 102
4267 103
-1 1199
1698 36
8503 61
9559 53
-1 165
1464 89
8107 42
-1 100
-1 2098
5407 34
5245 43
6152 96
1566 18
6689 51
-1 1003
2217 120
1415 31
4092 107
8122 122
1391 44
-1 686
5428 35
7921 62
3257 93
-1 1164
1258 25
8778 114
-1 1208
349 28
-1 2847
-1 156
5157 33
8312 123
7773 75
823 66
5650 105
7418 91
674 12
7851 73
8394 108
8421 39
-1 498
3995 49
-1 2421
-1 761
-1 2341
4295 25
7027 13
-1 1941
3014 60
-1 1302
8147 126
-1 1154
1576 35
192 30
8762 16
3014 75
2369 40
5743 89
9314 52
1061 8
9478 95
1427 115
6773 72
-1 785
1718 87
6089 13
3281 65
-1 1429
-1 2976
-1 1042
2745 42
8220 108
2803 34
-1 690
8191 100
501 30
1006 96
-1 374
2195 123
-1 642
-1 1039
-1 1727
9789 91
3865 79
2887 54
282 120
9688 45
-1 2356
-1 703
-1 956
-1 1199
2431 52
7048 55
2066 71
5993 48
1637 47
1485 82
1212 42
4264 105
5216 83
8903 125
5598 66
-1 3016
1353 76
604 80
-1 2045
995 118
-1 1466
-1 1577
-1 1579
-1 1063
-1 457
2921 120
8938 33
5579 111
5022 56
5237 100
6547 16
54 105
2035 43
6826 110
1834 44
8907 10
2599 33
2613 113
-1 955
-1 1074
-1 291
-1 355
8096 116
-1 78
-1 471
2844 128
4884 100
6400 47
5659 29
-1 152
-1 1881
317 96
8197 41
3234 20
-1 1336
6275 89
-1 1084
9941 104
3995 102
-1 1431
-1 67
732 109
1108 73
5153 117
2746 75
1227 44
-1 202
-1 717
3886 19
1012 36
3003 74
4704 73
7194 109
8007 83
-1 1677
-1 1366
-1 83
-1 1080
-1 880
329 122
-1 1105
-1 1096
6337 28
5356 25
5368 81
6864 14
8933 108
-1 2442
114 26
7625 40
6695 62
-1 1504
-1 1487
9604 33
1772 65
-1 1653
2876 10
2578 53
2779 41
1616 32
-1 1437
289 13
7942 59
902 45
8971 79
8154 96
6353 21
5956 28
4957 42
6145 112
9384 86
5760 82
4880 16
845 1
3613 63
2050 81
4116 89
2099 119
-1 1359
-1 1819
9880 46
-1 45
777 54
-1 388
981 69
2653 124
8361 128
8772 101
3278 3
3490 44
1274 109
9506 8
7949 39
1734 19
8954 85
-1 203
9234 97
8755 80
7155 128
3563 33
-1 2936
-1 1931
2218 108
228 49
-1 2788
6103 40
3428 43
-1 533
9821 25
5701 58
8609 74
4007 123
2383 25
6273 67
-1 220
-1 1000
6524 94
9072 13
3043 115
5625 7
9538 126
4187 85
-1 48
-1 2275
4689 33
6025 50
6275 30
6024 14
-1 995
4713 106
301 110
675 30
-1 2100
2027 42
-1 2629
175 6
-1 2958
-1 2948
4101 8
-1 2932
6291 75
-1 1965
4861 4
-1 2582
9485 60
-1 1120
-1 1467
7785 103
9395 87
-1 3084
-1 371
6030 125
2959 57
-1 843
196 84
8725 14
7866 5
3568 26
751 53
2647 18
-1 113
3301 101
8030 95
-1 1129
9621 59
4498 19
703 1
-1 507
2021 53
-1 69
-1 669
-1 2743
-1 2962
1226 82
2704 73
1737 90
-1 597
-1 2459
1084 1
-1 1925
572 36
2242 97
1693 111
6134 49
-1 204
4776 12
2129 115
-1 111
232 126
-1 2511
-1 1817
2532 128
-1 2222
5268 54
-1 855
7660 116
-1 194
8262 26
3810 96
-1 785
448 45
-1 1287
9228 75
-1 681
1030 65
2359 47
7741 112
759 77
8379 88
3310 41
2032 72
9142 122
-1 1846
9495 58
3768 74
1100 8
4 96
6287 12
-1 18
2584 14
2524 14
-1 1977
7844 122
674 56
-1 1905
1329 115
3751 116
947 3
5666 113
4973 9
1722 23
7443 2
-1 2044
9690 22
7285 61
317 2
7930 80
4149 61
5845 92
433 115
4449 121
2528 85
6449 31
7250 35
7163 109
7309 58
5588 14
-1 2907
-1 1078
9647 99
-1 890
6521 20
1623 112
214 39
5667 73
9590 33
-1 2492
-1 2082
-1 2365
1089 39
-1 2242
-1 452
5284 78
2490 13
7370 74
7315 74
1074 101
1652 102
2591 69
-1 1266
-1 2465
8521 80
594 80
1555 74
1298 25
-1 1692
-1 2289
-1 976
2398 91
7152 48
-1 3166
-1 1112
7643 120
9894 120
5067 111
1902 116
5440 121
-1 2064
2439 101
-1 3193
-1 77
9668 6
-1 113
2624 68
9172 35
9554 65
5315 41
-1 1101
-1 2015
303 83
434 101
-1 2476
6463 56
2987 93
2896 27
417 74
230 35
-1 996
-1 2783
5173 29
862 14
7018 121
4706 11
-1 901
3056 30
-1 2311
8432 116
1737 47
-1 1511
8451 62
1080 69
3843 9
-1 2277
-1 1393
9731 85
1557 1
3801 45
426 122
-1 1545
7910 119
7896 66
-1 1518
7334 55
5263 60
881 41
248 111
2806 35
4321 112
-1 461
8366 37
-1 3154
8391 19
8067 107
-1 2380
-1 3232
7365 7
3720 103
-1 114
8961 98
5936 28
796 3
7828 56
703 12
2937 10
5925 87
627 11
5608 19
5549 22
4619 43
5938 34
4399 12
-1 2643
575 13
9552 38
1118 128
6982 59
-1 1660
-1 864
365 35
8475 72
9287 10
-1 2096
-1 2920
8699 90
3198 45
3974 41
3148 20
6580 58
7871 84
9562 13
3341 102
-1 343
-1 3191
7033 28
-1 -1
