6334 36
5723 98
-1 0
5705 17
6826 114
2995 108
5436 92
-1 2
292 26
8715 14
5447 56
-1 1
-1 9
6297 68
8701 39
-1 2
-1 9
7711 38
5545 85
2754 23
-1 4
7527 14
3035 29
288 51
8942 81
7444 121
-1 10
-1 10
1098 31
-1 20
-1 2
-1 4
-1 17
3930 81
2436 49
5537 60
2082 119
-1 16
-1 15
2702 91
-1 15
2384 58
6922 74
5829 127
5097 86
-1 16
-1 11
-1 5
5573 104
7348 21
1722 46
1104 103
1336 88
7751 128
-1 5
9758 82
6422 29
3029 115
-1 35
-1 26
-1 17
7622 88
6483 45
3602 74
833 52
4596 13
-1 24
-1 0
4734 90
6416 80
3788 117
3728 84
2481 73
4309 118
9514 30
8934 65
-1 8
1553 8
6224 96
2606 85
3195 63
4342 22
9312 52
5198 25
-1 10
-1 31
9588 50
7155 106
-1 15
6038 5
9655 15
9814 48
1510 85
4270 75
-1 0
4886 123
9867 18
-1 44
-1 53
-1 54
-1 -1
