6334 36
5723 98
-1 0
5705 17
6826 114
2995 108
5436 92
-1 2
292 26
8715 14
5447 56
-1 1
-1 9
6297 68
8701 39
-1 2
-1 9
7711 38
5545 85
2754 23
-1 4
7527 14
3035 29
288 51
8942 81
7444 121
-1 10
-1 10
1098 31
-1 20
-1 2
-1 4
-1 17
3930 81
2436 49
5537 60
2082 119
-1 16
-1 15
2702 91
-1 15
2384 58
6922 74
5829 127
5097 86
-1 16
-1 11
-1 5
5573 104
7348 21
1722 46
1104 103
1336 88
7751 128
-1 5
9758 82
6422 29
3029 115
-1 35
-1 26
-1 17
7622 88
6483 45
3602 74
833 52
4596 13
-1 24
-1 0
4734 90
6416 80
3788 117
3728 84
2481 73
4309 118
9514 30
8934 65
-1 8
1553 8
6224 96
2606 85
3195 63
4342 22
9312 52
5198 25
-1 10
-1 31
9588 50
7155 106
-1 15
6038 5
9655 15
9814 48
1510 85
4270 75
-1 0
4886 123
9867 18
-1 44
-1 53
-1 54
-1 25
8474 102
5075 70
2510 41
-1 31
3400 97
-1 63
584 11
7086 46
3755 74
4169 85
-1 33
1326 9
1423 21
6548 107
142 41
-1 38
-1 59
-1 39
2528 48
9865 30
3193 66
-1 81
4486 106
5732 40
-1 56
5786 64
4353 90
-1 43
-1 20
4313 82
-1 73
7980 95
3194 49
2161 90
-1 66
2043 99
6437 53
-1 29
-1 29
3185 42
-1 56
4017 121
7957 50
3625 91
9314 63
-1 32
157 53
7487 39
8177 95
1763 15
3984 41
-1 34
4802 76
2625 64
1022 5
4180 6
7504 41
3030 70
7221 15
7900 9
2411 41
9168 63
9710 114
4667 81
140 7
1622 8
6574 78
6300 3
4678 67
-1 91
8462 123
2800 113
-1 72
-1 104
313 43
-1 92
7164 103
-1 70
3487 126
-1 99
-1 2
5421 57
4961 119
-1 85
194 78
8260 113
5030 53
768 84
-1 2
-1 36
-1 121
4940 4
3828 103
-1 24
8365 43
1200 86
-1 94
9356 89
5108 78
9800 40
2426 125
-1 1
1108 13
-1 95
9348 57
554 22
9357 91
-1 58
-1 105
2895 50
111 50
-1 136
4421 106
-1 139
8932 32
-1 14
3584 67
6971 127
2530 34
2483 48
66 116
-1 115
2140 48
-1 85
1457 80
7869 22
-1 4
3848 40
2699 8
1637 63
1993 53
-1 106
5880 53
-1 13
-1 15
-1 22
874 92
-1 156
-1 89
-1 115
875 98
610 19
-1 99
3168 104
6486 73
9496 19
-1 94
9313 26
-1 20
-1 69
1191 56
-1 64
3829 88
-1 159
-1 82
5559 117
9539 68
7811 9
6077 122
8213 108
5601 97
2670 16
4084 124
5497 99
3845 16
-1 145
5706 8
2169 51
-1 140
7619 71
-1 129
9232 75
-1 134
303 4
1246 107
-1 143
2911 73
8710 42
1769 119
3984 72
2865 73
-1 65
7868 31
1130 36
5085 17
9899 68
-1 67
6967 81
28 62
-1 63
-1 3
6461 10
-1 150
608 79
1758 102
4145 25
-1 149
-1 30
-1 148
781 57
5184 99
-1 157
-1 114
3359 84
4944 63
-1 62
1023 68
-1 46
8583 25
3340 45
6141 122
5070 61
6171 15
-1 64
-1 46
90 48
4735 37
5994 95
-1 49
480 119
1131 24
4624 50
4186 126
5662 115
352 14
4007 13
5454 90
6301 123
-1 148
-1 107
4026 102
1316 89
4153 115
1902 33
6907 76
8487 106
-1 142
-1 122
-1 158
9368 120
9007 36
0 36
-1 79
2682 105
5589 43
9036 51
6234 102
3959 106
5267 108
58 70
-1 167
6214 14
-1 167
-1 171
8080 105
708 86
8380 71
6541 96
7109 16
788 34
9954 85
-1 37
-1 149
1361 60
4776 97
-1 111
1071 87
6151 84
-1 168
5628 77
-1 88
-1 175
-1 211
-1 201
-1 22
-1 83
-1 122
-1 39
8664 79
9963 34
6021 55
6064 2
7901 64
3939 101
-1 151
4806 12
5602 103
3479 116
6628 17
-1 187
2289 5
9150 45
4707 2
3711 68
6438 35
9702 19
5267 29
-1 14
865 15
8484 115
6631 39
1146 119
3925 110
-1 247
4098 88
4599 109
-1 174
3881 97
-1 163
-1 206
-1 256
9896 59
6814 28
6924 98
4518 102
5146 121
673 120
-1 83
3144 15
1186 67
-1 118
-1 23
475 2
-1 8
905 27
8960 102
2548 61
-1 42
-1 126
909 14
-1 152
2392 127
8162 123
9134 110
-1 197
2623 82
5606 115
7085 82
8650 70
3824 21
6249 21
-1 268
-1 49
287 22
3805 62
1447 89
1063 50
6073 126
-1 0
-1 180
1169 106
6029 95
-1 211
771 55
3550 63
-1 217
-1 238
4901 85
474 109
-1 247
1575 76
-1 185
-1 4
-1 223
1012 50
3427 16
5967 35
-1 33
-1 8
5204 67
958 96
8166 55
7691 104
553 117
5021 120
9329 111
-1 103
7981 52
9220 57
3854 55
4324 94
-1 237
-1 303
2666 62
-1 216
-1 308
9424 48
7611 74
1407 20
7185 37
6441 46
8850 102
-1 125
1191 118
681 126
-1 287
8633 82
2828 109
5177 27
702 43
-1 33
-1 61
2176 88
2327 74
-1 122
-1 210
-1 334
5651 17
9860 46
2742 39
-1 26
-1 308
-1 198
4863 20
-1 166
8612 95
2661 43
805 117
9434 34
7586 76
-1 177
6046 19
-1 176
6766 33
1598 99
1979 5
1368 41
6608 35
-1 319
7208 64
-1 302
2013 2
-1 189
645 101
4472 12
7198 68
-1 297
7779 56
-1 331
-1 100
2523 4
7492 35
5009 93
-1 225
2785 10
8804 53
-1 252
1576 110
-1 227
191 74
-1 211
9789 45
-1 330
6487 67
-1 128
-1 216
-1 71
6477 97
2604 11
-1 202
-1 368
1055 90
6682 60
-1 163
-1 130
2862 30
613 101
134 40
-1 174
2581 52
7005 62
-1 241
-1 301
2104 15
7296 72
177 63
7575 99
-1 255
2995 18
7751 101
5564 9
-1 133
9927 108
5055 57
8922 86
985 20
1574 63
-1 199
-1 24
2910 110
9091 102
6855 70
-1 114
9487 104
6954 3
177 75
7063 122
2577 46
-1 162
1944 4
-1 170
4748 50
3864 6
7005 3
-1 52
4882 107
7231 106
-1 241
6538 50
4206 120
5757 5
-1 304
-1 346
9612 109
-1 285
2502 117
9080 32
2104 118
7295 78
4453 38
8317 117
-1 198
4996 36
6922 38
-1 395
3231 90
9925 9
4800 51
853 120
572 85
6473 78
4351 15
2699 64
7464 84
9981 98
-1 270
6888 56
-1 265
3989 81
5430 126
7205 30
2206 53
-1 64
-1 319
-1 420
106 69
8976 66
6625 48
-1 54
2096 73
5198 71
9198 23
-1 171
7413 70
3580 63
8387 100
4506 19
8072 36
268 113
9884 86
7603 80
7768 23
-1 235
7536 31
7355 13
3181 32
986 73
-1 243
-1 51
5664 8
5083 89
-1 417
1779 125
-1 405
2591 16
4867 81
-1 63
7214 52
7039 97
3777 6
6651 100
-1 259
7720 99
-1 380
-1 55
4806 104
5602 69
-1 51
-1 445
1960 102
796 45
79 13
-1 451
7740 6
4771 123
3333 49
707 105
4141 59
7167 66
6224 69
8135 125
5041 75
7921 22
6016 33
9714 38
3335 107
-1 301
2638 56
9103 8
8681 102
4031 50
7042 116
-1 280
2715 71
7229 88
-1 434
5004 7
1485 59
1321 77
-1 359
4708 77
-1 341
181 55
-1 435
5006 76
3485 40
2088 106
5992 68
-1 262
9104 122
2669 120
1457 32
3596 90
4843 7
1026 116
4722 2
1598 53
3690 62
9299 12
3565 42
-1 215
6740 112
9149 69
3393 120
9881 48
-1 438
-1 131
144 59
-1 229
-1 124
-1 295
1978 93
8221 38
8845 75
8804 6
-1 96
1961 75
2206 106
-1 4
-1 421
-1 444
-1 489
-1 26
-1 96
-1 444
4118 95
-1 446
-1 371
-1 188
-1 333
2736 55
575 120
-1 78
-1 478
8793 14
-1 56
5907 28
8719 43
-1 118
8329 24
-1 485
2188 8
3239 3
7062 110
7003 48
1695 48
3997 85
9513 88
-1 313
3836 107
-1 368
-1 482
6941 128
-1 411
8707 15
-1 90
5890 27
1399 110
3161 75
9409 71
6258 119
-1 343
720 104
6359 39
7811 29
-1 270
3188 116
-1 55
9615 39
-1 45
-1 252
-1 417
9458 61
9405 9
6817 11
7531 61
588 109
8914 61
6272 32
-1 233
4640 112
7953 125
-1 273
893 118
4750 120
4269 99
-1 120
3256 10
-1 128
5300 96
1 47
6894 71
-1 120
2192 103
176 21
3939 126
6344 46
-1 385
-1 375
-1 50
-1 480
-1 49
5154 62
2071 65
-1 340
-1 109
4063 39
8771 97
6747 36
4397 110
7350 64
3042 22
1563 113
7021 123
9492 24
5476 37
9177 53
-1 215
2176 47
-1 124
-1 508
9419 103
-1 526
-1 409
3917 89
3697 101
65 102
-1 541
2003 82
-1 224
3150 126
-1 516
2294 8
-1 481
6175 115
-1 81
-1 168
7035 114
272 103
-1 19
8290 54
-1 551
-1 575
-1 70
8701 113
3659 20
-1 545
2762 12
7208 73
-1 51
-1 298
-1 175
3271 36
-1 128
-1 73
530 77
205 87
4457 13
-1 94
2934 91
9566 23
9160 53
-1 355
1474 59
-1 317
-1 560
5432 63
726 10
2758 91
7271 85
-1 489
-1 541
-1 66
4666 127
989 75
1646 40
669 84
5447 127
121 24
-1 511
4434 78
815 32
9864 65
8221 101
-1 92
2466 65
9813 92
3741 52
6473 104
5158 123
-1 573
1446 98
9364 107
5087 27
6410 115
-1 110
-1 475
-1 82
8187 118
3388 94
4755 127
5500 97
6422 15
832 33
-1 590
6478 26
1263 94
-1 628
-1 142
2926 89
7249 47
6333 25
9310 50
354 39
-1 280
-1 345
8717 34
3036 105
-1 335
8692 54
-1 570
228 32
5856 72
-1 81
9644 48
1860 36
2480 78
-1 493
9202 41
-1 320
9078 122
734 74
1136 20
662 67
-1 158
7698 126
6001 63
684 8
9507 34
2944 37
7058 54
676 5
3039 34
1623 49
-1 176
4715 74
4956 121
-1 40
-1 473
2447 54
6223 23
8132 115
2169 63
5084 118
6923 31
3022 89
-1 427
5767 22
3783 54
-1 -1
